nr_reads	nr_writes	nr_ops
255631771	2328	255634099
256875079	2133	256877212
257605878	112	257605990
252449830	112	252449942
256885397	2437	256887834
254981287	111	254981398
256470184	1722	256471906
249086419	111	249086530
250353010	112	250353122
251390327	402	251390729
257700692	111	257700803
260746776	111	260746887
256158258	111	256158369
253702784	1640	253704424
258669788	12697	258682485
255562826	110	255562936
255300895	2113	255303008
255819787	175	255819962
257787311	1580	257788891
259435578	1565	259437143
256148703	1155	256149858
242141640	296	242141936
252240487	686	252241173
257498621	109127	257607748
258064676	112	258064788
257126422	111	257126533
258038202	111	258038313
259642540	111	259642651
260402451	111	260402562
257044416	1902	257046318
258270559	2104	258272663
256998585	1155	256999740
257000504	1903	257002407
247297764	111	247297875
257978572	111	257978683
250765711	2003	250767714
255976772	1991	255978763
256685581	619	256686200
247206617	783	247207400
256124434	112	256124546
260370744	111	260370855
247490264	1608	247491872
258720467	111	258720578
223943607	110	223943717
261332412	112	261332524
260029009	2402	260031411
243217557	111	243217668
216383753	2610	216386363
171730649	422	171731071
244538203	608	244538811
248975759	6570	248982329
236729747	152	236729899
254885506	113	254885619
256983378	169	256983547
250853038	112	250853150
248095143	2376	248097519
255834194	312	255834506
243833943	1434	243835377
240165854	206	240166060
250119024	113	250119137
260646530	111	260646641
245359711	2042	245361753
248653737	2295	248656032
256239914	2031	256241945
260624891	129	260625020
255603274	110	255603384
259184955	111	259185066
224206166	110	224206276
250601662	2020	250603682
255617611	111	255617722
243566069	113	243566182
256711249	111	256711360
239900636	111	239900747
255059571	112	255059683
256809516	111	256809627
257960798	1448	257962246
256943512	112	256943624
254910407	112	254910519
258831050	2259	258833309
255398768	111	255398879
258583955	1789	258585744
242946693	111	242946804
244141915	110	244142025
211449504	108	211449612
203759261	111	203759372
154699433	109	154699542
219468254	771	219469025
221213239	109	221213348
224362415	111	224362526
244066997	110	244067107
242122695	232	242122927
253026853	111	253026964
251897808	113	251897921
249034532	1443	249035975
254893439	110	254893549
248188362	111	248188473
252987436	238	252987674
252244800	127	252244927
256269965	114	256270079
254875644	120	254875764
