nr_reads	nr_writes	nr_ops
255541556	1897	255543453
259471681	2827	259474508
228305851	60	228305911
257039260	62	257039322
259743913	61	259743974
253999600	82	253999682
262211310	61	262211371
261040953	62	261041015
255879514	61	255879575
260700740	62	260700802
261654151	61	261654212
261083070	62	261083132
260398189	63	260398252
260883773	60	260883833
262197985	62	262198047
259951095	62	259951157
260705055	61	260705116
258757144	61	258757205
261680271	60	261680331
260614395	62	260614457
262772885	61	262772946
262073885	61	262073946
261534070	61	261534131
262321934	61	262321995
255836238	61	255836299
261748366	61	261748427
258664817	61	258664878
260275253	1099	260276352
262419933	60	262419993
261253912	61	261253973
260209879	62	260209941
262393808	62	262393870
262128833	61	262128894
261546311	1801	261548112
260485833	60	260485893
261512073	61	261512134
259479790	62	259479852
261168481	62	261168543
260932521	60	260932581
263287355	61	263287416
260790059	60	260790119
261795791	61	261795852
261375816	61	261375877
260825977	62	260826039
261314499	62	261314561
255169780	59	255169839
261861167	1375	261862542
260779206	62	260779268
259419975	62	259420037
260424904	61	260424965
258462254	62	258462316
259847034	62	259847096
258761988	9027	258771015
258527952	61	258528013
254991591	61	254991652
259812986	61	259813047
253517876	61	253517937
256381626	63	256381689
267613728	62	267613790
260788112	61	260788173
261442667	62	261442729
258884963	60	258885023
260535995	61	260536056
261392531	61	261392592
258991164	62	258991226
263840086	61	263840147
256416073	61	256416134
253852601	60	253852661
259828103	62	259828165
255023503	61	255023564
253077325	61	253077386
251695907	60	251695967
256972292	61	256972353
259672057	62	259672119
257629438	62	257629500
261036822	62	261036884
257107759	1331	257109090
259783112	62	259783174
239738423	60	239738483
242702534	62	242702596
256297109	62	256297171
261270756	60	261270816
249984591	946	249985537
260516250	62	260516312
249090450	60	249090510
258389283	63	258389346
258415620	62	258415682
257507248	62	257507310
255329239	60	255329299
257126980	62	257127042
257603300	61	257603361
253733903	62	253733965
251984609	62	251984671
256748214	62	256748276
259936290	61	259936351
257240391	62	257240453
244210074	62	244210136
257016496	673	257017169
253398183	63	253398246
250484036	62	250484098
