nr_reads	nr_writes	nr_ops
260887858	37	260887895
259644826	36	259644862
252744219	35	252744254
262989955	36	262989991
264962442	36	264962478
261640472	37	261640509
259954678	35	259954713
260894062	37	260894099
261191130	36	261191166
258831076	37	258831113
261858375	37	261858412
258977693	37	258977730
262130516	36	262130552
262893179	36	262893215
263339740	35	263339775
260338508	35	260338543
260185166	37	260185203
263719688	36	263719724
262886482	37	262886519
262622199	35	262622234
262738515	35	262738550
261755899	36	261755935
261653482	38	261653520
256462565	37	256462602
262965728	36	262965764
261699052	37	261699089
259454162	37	259454199
260958292	3475	260961767
260830872	36	260830908
261530154	38	261530192
256017632	37	256017669
261328347	35	261328382
262117267	36	262117303
263496368	36	263496404
262211170	37	262211207
261289274	37	261289311
259550297	36	259550333
260438767	36	260438803
261255973	37	261256010
261043421	36	261043457
252001220	3847	252005067
258080108	36	258080144
257101270	37	257101307
262381585	35	262381620
261361642	38	261361680
260434461	38	260434499
260644770	36	260644806
261696255	36	261696291
248851333	35	248851368
262200581	37	262200618
263901276	36	263901312
261470328	36	261470364
263074422	36	263074458
259644034	35	259644069
260938811	37	260938848
261520821	36	261520857
262867247	37	262867284
258244254	36	258244290
261810332	37	261810369
261735636	36	261735672
260562459	37	260562496
263835738	36	263835774
253264863	34	253264897
260870553	37	260870590
261410593	37	261410630
265397473	36	265397509
261394497	36	261394533
260151302	36	260151338
262198479	36	262198515
261188007	37	261188044
263646286	36	263646322
262120772	36	262120808
260558478	1996	260560474
262258509	35	262258544
261721764	38	261721802
258339020	37	258339057
260673588	36	260673624
257189164	36	257189200
259990831	36	259990867
247622671	1551	247624222
261109310	36	261109346
262235445	36	262235481
261723492	36	261723528
257112543	36	257112579
260329085	38	260329123
260993225	36	260993261
262564630	37	262564667
263812192	37	263812229
258019173	38	258019211
258968983	37	258969020
256676838	37	256676875
252747135	36	252747171
259165783	36	259165819
258256743	35	258256778
260557560	36	260557596
257591072	37	257591109
258140205	38	258140243
251005402	36	251005438
258333948	37	258333985
258405565	2354	258407919
