nr_reads	nr_writes	nr_ops
253329554	1378	253330932
253139942	87	253140029
226909346	86	226909432
257524336	86	257524422
256863754	87	256863841
258737489	86	258737575
259012717	2083	259014800
260602294	86	260602380
259490818	1992	259492810
256534293	1009	256535302
258917965	1856	258919821
259149009	86	259149095
259907081	89	259907170
260864683	87	260864770
258512739	87	258512826
259437959	86	259438045
258862454	1275	258863729
260289895	458	260290353
259108282	88	259108370
257341219	88	257341307
254771396	87	254771483
260835053	87	260835140
260587815	87	260587902
259208809	1891	259210700
253795966	1877	253797843
258048889	86	258048975
260943199	85	260943284
236506662	7881	236514543
210469507	83	210469590
182970822	85	182970907
224139851	5262	224145113
216935551	86	216935637
171087191	84	171087275
240022231	87	240022318
228584659	87	228584746
183692327	498	183692825
185839838	491	185840329
216471338	85	216471423
243918465	88	243918553
249505705	47066	249552771
238386083	85	238386168
256681581	88	256681669
258234516	86	258234602
253688839	85	253688924
256824160	546	256824706
243024276	3295	243027571
241862810	88	241862898
254681628	87	254681715
255528528	86	255528614
261250457	2611	261253068
258461338	87	258461425
251071987	995	251072982
260280188	87	260280275
251885176	2341	251887517
258380816	87	258380903
251975089	85	251975174
257590721	86	257590807
255931665	87	255931752
256762291	2246	256764537
255762867	1896	255764763
254115077	87	254115164
252402875	87	252402962
254996888	87	254996975
251897809	1037	251898846
246332721	85	246332806
257908774	87	257908861
240458779	85	240458864
259300760	13989	259314749
259065213	87	259065300
259326463	86	259326549
259399209	87	259399296
260449140	87	260449227
259475787	2339	259478126
263087521	86	263087607
258547163	1792	258548955
258361741	86	258361827
258089365	498	258089863
258203752	87	258203839
254955853	87	254955940
258070332	88	258070420
253668800	86	253668886
260199160	85	260199245
226810686	84	226810770
258978903	1201	258980104
260964896	87	260964983
261230374	86	261230460
259717432	88	259717520
257677365	88	257677453
261135381	86	261135467
257239963	87	257240050
259732128	87	259732215
260176665	87	260176752
252575611	2042	252577653
256075732	87	256075819
260805792	2284	260808076
259969090	1415	259970505
256623552	130	256623682
261866432	87	261866519
255668726	84	255668810
253981977	536	253982513
